0.3 0
0.6 0
0.9 0
1.2 0
1.5 0
1.8 0
2.1 0
2.4 0
2.7 0
3 0
3 0.3
3.3 0.6
3.6 0.9
3.6 1.2
3.6 1.5
3.6 1.8
3.6 2.1
3.6 2.4
3.6 2.7
3.3 3
3.3 3.3
3 3.6
2.7 3.9
2.4 4.2
2.1 4.5
1.8 4.5
1.5 4.5
1.2 4.5
0.9 4.2
0.6 4.2
0.3 3.9
0 3.6
-0.3 3.6
-0.6 3.6
-0.9 3.6
-1.2 3.6
-1.5 3.9
-1.8 4.2
-2.1 4.2
-2.4 4.2
-2.7 4.2
-3 4.2
-3.3 4.2
-3.6 4.2
-3.9 4.5
-4.2 4.5
-4.5 4.5
-4.8 4.5
-5.1 4.5
-5.4 4.2
-5.7 4.2
-6 3.9
-6.3 3.9
-6.6 3.9
-6.9 3.9
-7.2 3.9
-7.5 3.9
-7.8 3.9
-8.1 3.9
-8.4 3.9
-8.7 3.9
-9 3.9
-9.3 4.2
-9.6 4.2
-9.9 4.5
-10.2 4.5
-10.5 4.5
-10.8 4.8
-11.1 4.5
-11.4 4.5
-11.7 4.5
-12 4.2
-12.3 3.9
-12.3 3.6
-12.6 3.3
-12.6 3
-12.9 2.7
-12.9 2.4
-12.9 2.1
-12.9 1.8
-12.9 1.5
-12.6 1.2
-12.3 0.9
-12 0.6
-11.7 0.3
-11.4 0.3
-11.1 0.3
-10.8 0.3
-10.5 0.3
-10.2 0.3
-9.9 0.3
-9.6 0.3
-9.3 0.3
-9 0.3
-8.7 0.3
-8.4 0.3
-8.1 0.3
-7.8 0.3
-7.5 0.3
-7.2 0.3
-6.9 0.3
-6.6 0.3
-6.3 0.3
-6 0.3
-5.7 0
-5.4 0
-5.1 0
-4.8 0
-4.5 0
-4.2 0
-3.9 0
-3.6 0
-3.3 0
-3 0
-2.7 0
-2.4 0
-2.1 0
