-5 0
-4.5 0
-4 0
-3.5 0
-3 0
-2.5 0
-2 0
-1.5 0
-1 0
-0.5 0
0 0
0.167421 -0.00155391
0.284229 -0.0040798
0.542327 -0.0113126
0.788214 -0.0184326
0.977099 -0.0221831
1.23178 -0.0246981
1.45785 -0.0241678
1.71785 -0.02021
1.92549 -0.0139425
2.23364 -0.000836391
2.46058 0.0127475
2.70489 0.0292463
2.89658 0.0443574
3.22651 0.101643
3.43725 0.178256
3.62191 0.285039
3.82245 0.469333
3.88912 0.554244
4.03388 0.826373
4.09555 1.06853
4.10881 1.26573
4.10219 1.46913
4.08243 1.69285
4.06271 1.89591
4.04562 2.21393
4.05 2.44114
4.07331 2.68965
4.10594 2.92623
4.13469 3.29205
4.11975 3.59494
4.07071 3.80253
3.95181 4.06749
3.87056 4.18211
3.74398 4.33007
3.50552 4.53076
3.30752 4.64707
3.01714 4.77399
2.88969 4.81756
2.71202 4.86868
2.39955 4.91597
2.10962 4.91363
1.97959 4.89947
1.74264 4.86124
1.4437 4.77904
1.33425 4.73577
1.03912 4.58321
0.858108 4.46499
0.647874 4.30697
0.401024 4.11224
0.203338 3.96529
0.0857727 3.88411
-0.0942932 3.76876
-0.297969 3.65476
-0.620955 3.52027
-0.835055 3.47338
-1.18652 3.45786
-1.50099 3.50582
-1.73763 3.58789
-1.95204 3.68948
-2.21753 3.85012
-2.37754 3.97275
-2.57483 4.15486
-2.72511 4.31483
-2.89698 4.51643
-3.07734 4.73146
-3.2866 4.96555
-3.47298 5.13779
-3.72308 5.30462
-3.84206 5.35591
-4.03373 5.4136
-4.34295 5.43852
-4.56382 5.41479
-4.85379 5.3321
-5.07099 5.23681
-5.32769 5.09084
-5.52712 4.96096
-5.74438 4.81184
-5.90396 4.7041
-6.1995 4.52059
-6.48778 4.36626
-6.69447 4.27949
-6.95167 4.20613
-7.23863 4.16768
-7.4735 4.16543
-7.80109 4.20428
-8.13208 4.32419
-8.29931 4.42132
-8.55508 4.6461
-8.71254 4.83744
-8.89799 5.09873
-9.0447 5.2911
-9.22869 5.48852
-9.45805 5.67635
-9.678 5.80105
-9.90428 5.87874
-10.1764 5.91261
-10.3883 5.89847
-10.601 5.8628
-10.8661 5.79144
-11.119 5.69126
-11.3397 5.57912
-11.5409 5.46153
-11.7117 5.3562
-12.006 5.15413
-12.1963 4.99846
-12.3375 4.86788
-12.5173 4.67695
-12.6692 4.47761
-12.7699 4.29918
-12.8881 3.96088
-12.9436 3.66325
-12.9527 3.52558
-12.9503 3.27364
-12.9138 2.94327
-12.8776 2.73677
-12.8024 2.39839
-12.7353 2.1632
-12.6208 1.88647
-12.5013 1.70884
-12.2522 1.48061
-12.1323 1.40438
-11.9668 1.32391
-11.6788 1.22787
-11.3586 1.17089
-11.1146 1.14145
-10.8786 1.11544
-10.6681 1.09094
-10.3378 1.04702
-10.1909 1.02464
-9.98493 0.989804
-9.48569 0.940313
-8.98644 0.890823
-8.48719 0.841333
-7.98795 0.791843
-7.4887 0.742353
-6.98945 0.692862
-6.49021 0.643372
-5.99096 0.593882
-5.49171 0.544392
-4.99247 0.494902
